# Diagnosis Map
#
# This is simply a map from Access Dx IDs to PIH EMR Diagnoses.
# It should be pulled from
# https://docs.google.com/spreadsheets/d/1yh9hxwe0Et5dzT3FxGmYt4xldIKrrk1z34uSoGVUrlg/edit?ts=5cd9d64c#gid=1622263879


DX_MAP <- c(
  "143" = "PIH:Supervision of normal pregnancy diagnosis",
  
  
  "207" = "PIH:3767",
  "47" = "PIH:5020",
  
  
  
  
  
  
  
  
  
  "1" = "PIH:151",
  "2" = "PIH:151",
  "3" = "PIH:Senile Cataract",
  "4" = "CIEL:121348",
  "5" = "PIH:67",
  "6" = "CIEL:132387",
  "7" = "CIEL:131651",
  "8" = "PIH:Glaucoma",
  "9" = "PIH:Glaucoma",
  "10" = "PIH:139",
  "11" = "PIH:Benign Mammary Dysplasia",
  "12" = "PIH:7507",
  "13" = "PIH:3725",
  "14" = "PIH:970",
  
  
  
  
  
  
  "21" = "PIH:Sexually transmitted chlamydial",
  "22" = "CIEL:1395",
  "23" = "CIEL:1395",
  
  
  "26" = "CIEL:1395",
  "27" = "CIEL:1395",
  "28" = "CIEL:1395",
  "29" = "CIEL:1395",
  "30" = "PIH:139",
  "31" = "CIEL:149062",
  "32" = "PIH:7617",
  "33" = "PIH:3",
  
  "35" = "PIH:80",
  "36" = "CIEL:130967",
  "37" = "PIH:10",
  "38" = "PIH:80",
  "39" = "PIH:134",
  "40" = "PIH:896",
  "41" = "CIEL:157380",
  "42" = "PIH:2578",
  "43" = "CIEL:145443",
  "44" = "CIEL:133126",
  "45" = "PIH:6896",
  "46" = "PIH:7228",
  "48" = "PIH:6896",
  "49" = "PIH:3724",
  "50" = "PIH:7169",
  "51" = "PIH:7480",
  
  "53" = "PIH:6357",
  "54" = "CIEL:162212",
  "55" = "CIEL:155259",
  "56" = "PIH:115",
  "57" = "PIH:115",
  "58" = "PIH:Intermenstrual Bleeding - Irregular",
  
  
  
  "62" = "CIEL:150802",
  "63" = "PIH:835",
  "64" = "PIH:3777",
  "65" = "PIH:107",
  "66" = "PIH:5258",
  "67" = "PIH:Acute Pericarditis",
  "68" = "PIH:Tuberculosis of Central Nervous System",
  
  
  "71" = "PIH:901",
  "72" = "PIH:141",
  "73" = "PIH:141",
  "74" = "CIEL:162209",
  "75" = "CIEL:121764",
  "76" = "PIH:7251",
  "77" = "PIH:893",
  "78" = "PIH:1213",
  
  
  "81" = "PIH:135",
  
  
  
  "85" = "PIH:86",
  "86" = "PIH:86",
  "87" = "PIH:Pharyngolaryngitis",
  
  "89" = "PIH:3731",
  "90" = "PIH:Congenital Syphilis",
  "91" = "PIH:223",
  "92" = "PIH:893",
  "93" = "PIH:7249",
  "94" = "PIH:2738",
  "95" = "PIH:Trichomoniasis",
  "96" = "PIH:3728",
  "97" = "PIH:298",
  "98" = "PIH:7645",
  "99" = "PIH:Dengue Haemorrhagic Fever",
  "100" = "PIH:123",
  "101" = "PIH:123",
  
  
  "104" = "PIH:67",
  
  "106" = "PIH:Leptospirosis",
  "107" = "PIH:7125",
  "108" = "CIEL:155838",
  
  "110" = "PIH:59",
  "111" = "PIH:26",
  "112" = "CIEL:149743",
  "113" = "CIEL:138405",
  "114" = "PIH:Meningococcemia",
  "115" = "PIH:7644",
  "116" = "PIH:5327",
  "117" = "PIH:133",
  "118" = "PIH:6691",
  "119" = "PIH:6693",
  
  "121" = "PIH:Rheumatic Fever without heart involvement",
  "122" = "PIH:7314",
  "123" = "CIEL:122043",
  "124" = "PIH:212",
  "125" = "PIH:Alcoholic Liver Damage",
  "126" = "PIH:TOXICITY, NOT OTHERWISE SPECIFIED",
  "127" = "PIH:TOXICITY, NOT OTHERWISE SPECIFIED",
  "128" = "PIH:TOXICITY, NOT OTHERWISE SPECIFIED",
  "129" = "PIH:1311",
  "130" = "PIH:1311",
  "131" = "PIH:1819",
  "132" = "PIH:Malignant Neoplasm of Breast",
  "133" = "CIEL:120147",
  "134" = "PIH:7629",
  "135" = "PIH:7629",
  
  "137" = "PIH:5345",
  
  "139" = "CIEL:145063",
  "140" = "PIH:8853",
  "141" = "PIH:8853",
  "142" = "PIH:Common cold",
  "144" = "PIH:8853",
  "145" = "PIH:2135",
  "146" = "PIH:620",
  "148" = "CIEL:161644",
  "149" = "PIH:6692",
  "150" = "PIH:6896",
  "151" = "PIH:3723",
  "152" = "PIH:7960",
  "153" = "PIH:7630",
  "154" = "PIH:55",
  "155" = "PIH:207",
  "157" = "PIH:171",
  "158" = "PIH:155",
  "159" = "PIH:1350",
  "160" = "PIH:107",
  "162" = "PIH:67",
  "163" = "CIEL:149938",
  "165" = "PIH:Hyperplasia of Prostate",
  "166" = "CIEL:113208",
  "167" = "PIH:202",
  "168" = "PIH:117",
  "169" = "PIH:880",
  "170" = "PIH:111",
  "171" = "PIH:10",
  "172" = "PIH:456",
  "173" = "PIH:113",
  "174" = "PIH:7960",
  "175" = "PIH:127",
  "176" = "CIEL:157380",
  "177" = "PIH:892",
  "178" = "PIH:174",
  "179" = "CIEL:145600",
  "180" = "PIH:218",
  "181" = "PIH:5",
  "182" = "PIH:7630",
  "183" = "PIH:298",
  "184" = "PIH:3681",
  "185" = "CIEL:130149",
  "186" = "CIEL:155753",
  "187" = "CIEL:130155",
  "188" = "PIH:Pharyngolaryngitis",
  "189" = "PIH:3700",
  "190" = "PIH:Cholelithiasis NOS",
  "191" = "PIH:3697",
  "192" = "PIH:7631",
  
  "194" = "PIH:Acute Sinusitis",
  "195" = "PIH:10",
  "196" = "PIH:3730",
  "197" = "CIEL:130088",
  
  "199" = "PIH:838",
  "200" = "PIH:115",
  "201" = "CIEL:163831",
  "202" = "PIH:902",
  "203" = "PIH:113",
  
  
  
  "208" = "PIH:Intermenstrual Bleeding - Irregular",
  "209" = "PIH:67",
  "210" = "PIH:140",
  
  "212" = "PIH:Intestinal Infection",
  "213" = "PIH:368",
  "214" = "PIH:67",
  "215" = "PIH:67",
  "216" = "PIH:67",
  "217" = "PIH:67",
  "218" = "PIH:67",
  "219" = "PIH:67",
  "220" = "PIH:14",
  "221" = "PIH:67",
  "222" = "PIH:1549",
  "223" = "PIH:893",
  "224" = "PIH:8853",
  "225" = "PIH:8853",
  "226" = "PIH:467",
  "227" = "PIH:Tuberculosis of Central Nervous System",
  "228" = "PIH:7623",
  "229" = "PIH:Diphtheria",
  "230" = "PIH:891",
  "231" = "PIH:63",
  "232" = "PIH:Rubella",
  "233" = "PIH:64",
  "234" = "CIEL:121812",
  "235" = "PIH:Rubella",
  "236" = "PIH:198",
  "237" = "PIH:141",
  "238" = "PIH:Salmonella Infection",
  "239" = "PIH:7629",
  "240" = "PIH:7647",
  
  "485" = "PIH:7960",
  "486" = "PIH:Salmonella Infection",
  "487" = "PIH:Salmonella Infection",
  "488" = "CIEL:118890",
  "489" = "CIEL:118890",
  "490" = "PIH:7590",
  "491" = "PIH:7590",
  "492" = "PIH:1547",
  "493" = "PIH:7590",
  "494" = "PIH:7591",
  
  "496" = "PIH:7183",
  "497" = "PIH:3770",
  "498" = "PIH:3770",
  "499" = "PIH:223",
  "500" = "PIH:223",
  "501" = "PIH:Sexually transmitted chlamydial",
  
  "503" = "PIH:2738",
  "504" = "PIH:5258",
  "505" = "PIH:3110",
  "506" = "CIEL:120742",
  "507" = "PIH:Acute hemorrhagic fever",
  "508" = "PIH:3728",
  "509" = "PIH:836",
  "510" = "PIH:7122",
  "511" = "CIEL:138405",
  "512" = "PIH:3786",
  "513" = "PIH:298",
  "514" = "PIH:171",
  "515" = "PIH:123",
  
  "517" = "PIH:Filariasis",
  "518" = "PIH:199",
  "519" = "PIH:75",
  "520" = "PIH:75",
  "521" = "PIH:75",
  "522" = "PIH:75",
  "523" = "PIH:75",
  "524" = "PIH:75",
  "525" = "PIH:75",
  "526" = "PIH:75",
  "527" = "PIH:75",
  "528" = "PIH:75",
  "529" = "PIH:75",
  "530" = "PIH:75",
  "531" = "PIH:75",
  "532" = "PIH:75",
  "533" = "PIH:75",
  "534" = "PIH:75",
  "535" = "PIH:75",
  "536" = "PIH:75",
  "537" = "PIH:75",
  "538" = "PIH:Malignant Tumor of Intestine",
  "539" = "PIH:75",
  "540" = "PIH:75",
  "541" = "PIH:75",
  "542" = "PIH:75",
  "543" = "PIH:75",
  "544" = "PIH:Malignant neoplasm of lung",
  "545" = "PIH:75",
  "546" = "PIH:75",
  "547" = "PIH:75",
  "548" = "PIH:75",
  "549" = "PIH:75",
  "550" = "PIH:75",
  "551" = "PIH:75",
  "552" = "PIH:75",
  "553" = "PIH:75",
  "554" = "PIH:75",
  "555" = "PIH:75",
  "556" = "PIH:75",
  "557" = "PIH:75",
  "558" = "PIH:75",
  "559" = "PIH:75",
  "560" = "PIH:75",
  "561" = "CIEL:134788",
  "562" = "PIH:75",
  "563" = "PIH:Malignant Tumor of Scrotum",
  "564" = "PIH:75",
  "565" = "PIH:75",
  "566" = "PIH:75",
  "567" = "PIH:75",
  "568" = "CIEL:127527",
  "569" = "PIH:75",
  "570" = "CIEL:113771",
  "571" = "PIH:75",
  "572" = "PIH:75",
  "573" = "PIH:75",
  "574" = "PIH:75",
  "575" = "PIH:75",
  "576" = "CIEL:116104",
  "577" = "CIEL:116104",
  "578" = "CIEL:116104",
  "579" = "CIEL:116104",
  "580" = "CIEL:133709",
  "581" = "PIH:216",
  "582" = "PIH:216",
  "583" = "PIH:75",
  "584" = "PIH:75",
  "585" = "PIH:75",
  "586" = "PIH:75",
  "587" = "PIH:75",
  "588" = "PIH:75",
  "589" = "PIH:75",
  "590" = "PIH:75",
  "591" = "PIH:75",
  
  "593" = "PIH:75",
  "594" = "PIH:75",
  "595" = "PIH:75",
  "596" = "PIH:75",
  "597" = "PIH:7626",
  "598" = "CIEL:123455",
  "599" = "PIH:75",
  "600" = "PIH:75",
  "601" = "PIH:75",
  "602" = "PIH:75",
  "603" = "PIH:75",
  "604" = "PIH:75",
  
  "606" = "CIEL:115359",
  "607" = "PIH:75",
  
